Slope: 2.000000
Intercept: 5.000000
X1 = 1.000000, Y1 = 7.000000
X2 = 2.000000, Y2 = 9.000000
X3 = 4.000000, Y3 = 13.000000
X4 = 8.000000, Y4 = 21.000000
X5 = 16.000000, Y5 = 37.000000
X6 = 31.000000, Y6 = 67.000000
